Hour;drink;steps;food;light;temperature;humidity;people;work;drinksTotal;lightTotal;temperatureTotal;humidityTotal;peopleTotal
0,5;3;S;F;161.39;24.00;63.00;6;W;3;24.00;161.39;63.00;6
1;1;S;F;152.26;23.00;59.00;4;W;4;23.50;156.82;61.00;10
1,5;1;S;F;165.61;24.00;59.00;4;W;5;23.67;159.75;60.33;14
2;1;S;F;157.16;25.00;57.00;15;W;6;24.00;159.11;59.50;29
2,5;5;S;F;161.94;26.00;57.00;10;W;11;24.40;159.67;59.00;39
3;10;S;F;143.67;27.00;56.00;6;W;21;24.83;157.01;58.50;45
3,5;10;S;F;167.69;27.00;56.00;14;W;31;25.14;158.53;58.14;59
4;9;S;F;149.33;27.00;56.00;2;W;40;25.38;157.38;57.88;61
4,5;1;S;F;154.75;27.00;57.00;2;W;41;25.56;157.09;57.78;63
5;2;S;F;143.04;27.00;58.00;1;W;43;25.70;155.68;57.80;64
5,5;0;S;F;143.61;27.00;59.00;16;W;43;25.82;154.59;57.91;80
6;0;S;F;151.37;28.00;59.00;0;W;43;26.00;154.32;58.00;80
6,5;0;S;F;156.39;28.00;58.00;0;W;43;26.15;154.48;58.00;80
7;0;S;F;143.59;28.00;58.00;0;W;43;26.29;153.70;58.00;80
7,5;0;S;F;141.60;28.00;57.00;0;W;43;26.40;152.89;57.93;80
8;0;S;F;153.94;29.00;56.00;0;W;43;26.56;152.96;57.81;80
8,5;0;S;F;157.20;29.00;55.00;5;W;43;26.71;153.21;57.65;85
9;0;S;F;148.00;27.00;58.00;5;W;43;26.72;152.92;57.67;90
9,5;0;S;F;140.35;28.00;57.00;2;W;43;26.79;152.26;57.63;92
10;0;S;F;152.03;28.00;57.00;55;W;43;26.85;152.25;57.60;147
10,5;0;S;F;142.13;32.00;49.00;31;W;43;27.10;151.76;57.19;178
11;0;S;F;149.04;30.00;55.00;0;W;43;27.23;151.64;57.09;178
11,5;0;S;F;150.51;30.00;54.00;0;W;43;27.35;151.59;56.96;178
12;0;S;F;139.33;30.00;53.00;0;W;43;27.46;151.08;56.79;178
12,5;0;S;F;151.86;29.00;55.00;0;W;43;27.52;151.11;56.72;178
13;0;S;F;148.82;29.00;55.00;0;W;43;27.58;151.02;56.65;178
13,5;0;S;F;156.01;29.00;55.00;0;W;43;27.63;151.21;56.59;178
14;0;S;F;156.56;28.00;56.00;0;W;43;27.64;151.40;56.57;178
14,5;0;S;F;146.40;28.00;56.00;0;W;43;27.66;151.23;56.55;178
15;0;S;F;157.44;27.00;56.00;0;W;43;27.63;151.43;56.53;178
15,5;0;S;F;148.32;27.00;56.00;0;W;43;27.61;151.33;56.52;178
16;0;S;F;154.13;27.00;56.00;0;W;43;27.59;151.42;56.50;178
16,5;0;S;F;157.49;27.00;56.00;0;W;43;27.58;151.60;56.48;178
17;0;S;F;156.46;27.00;56.00;0;W;43;27.56;151.75;56.47;178
17,5;0;S;F;146.33;27.00;56.00;0;W;43;27.54;151.59;56.46;178
18;0;S;F;149.62;27.00;56.00;0;W;43;27.53;151.54;56.44;178
18,5;0;S;F;149.45;27.00;55.00;0;W;43;27.51;151.48;56.41;178
19;0;S;F;157.37;27.00;55.00;0;W;43;27.50;151.64;56.37;178
19,5;0;S;F;147.77;27.00;55.00;0;W;43;27.49;151.54;56.33;178
20;0;S;F;160.85;27.00;55.00;0;W;43;27.48;151.77;56.30;178
20,5;0;S;F;155.60;27.00;56.00;0;W;43;27.46;151.86;56.29;178
21;0;S;F;140.43;27.00;56.00;0;W;43;27.45;151.59;56.29;178
21,5;0;S;F;151.82;27.00;56.00;0;W;43;27.44;151.60;56.28;178
22;0;S;F;156.14;27.00;56.00;0;W;43;27.43;151.70;56.27;178
22,5;0;S;F;150.18;26.00;57.00;0;W;43;27.40;151.67;56.29;178
23;0;S;F;147.41;26.00;57.00;3;W;43;27.37;151.57;56.30;181
23,5;0;S;F;156.02;21.00;67.00;2;W;43;27.23;151.67;56.53;183
24;1;S;F;170.62;24.00;63.00;7;W;44;27.17;152.06;56.67;190
24,5;0;S;F;169.93;21.00;69.00;2;W;44;27.04;152.43;56.92;192
25;2;S;F;170.70;21.00;69.00;0;W;46;26.92;152.79;57.16;192
25,5;0;S;F;164.82;21.00;71.00;15;W;46;26.80;153.03;57.43;207
26;0;S;F;160.68;21.00;70.00;32;W;46;26.69;153.18;57.67;239
26,5;0;S;F;155.18;23.00;66.00;0;W;46;26.62;153.21;57.83;239
27;3;S;F;167.57;23.00;64.00;7;W;49;26.56;153.48;57.94;246
27,5;1;S;F;161.65;23.00;64.00;7;W;50;26.49;153.63;58.05;253
28;1;S;F;170.63;24.00;63.00;8;W;51;26.45;153.93;58.14;261
28,5;0;S;F;171.29;21.00;67.00;3;W;51;26.35;154.24;58.30;264
29;0;S;F;170.88;21.00;67.00;0;W;51;26.26;154.52;58.45;264
29,5;0;S;F;172.78;21.00;68.00;0;W;51;26.17;154.83;58.61;264
30;0;S;F;169.48;20.00;68.00;17;W;51;26.07;155.08;58.77;281
30,5;0;S;F;167.16;21.00;67.00;20;W;51;25.98;155.28;58.90;301
31;0;S;F;158.43;23.00;62.00;0;W;51;25.94;155.33;58.95;301
31,5;1;S;F;158.40;23.00;60.00;6;W;52;25.89;155.37;58.97;307
32;0;S;F;154.43;24.00;58.00;4;W;52;25.86;155.36;58.95;311
32,5;2;S;F;153.70;24.00;58.00;6;W;54;25.83;155.33;58.94;317
33;0;S;F;164.90;24.00;57.00;2;W;54;25.80;155.48;58.91;319
33,5;0;S;F;153.06;26.00;51.00;89;W;54;25.81;155.44;58.79;408
34;0;S;F;151.69;27.00;46.00;22;W;54;25.82;155.39;58.60;430
34,5;0;S;F;157.41;26.00;47.00;5;W;54;25.83;155.42;58.43;435
35;0;S;F;153.84;26.00;48.00;0;W;54;25.83;155.39;58.29;435
35,5;0;S;F;160.93;25.00;50.00;0;W;54;25.82;155.47;58.17;435
36;0;S;F;155.78;25.00;52.00;0;W;54;25.81;155.48;58.08;435
36,5;0;S;F;156.72;24.00;53.00;0;W;54;25.78;155.49;58.01;435
37;0;S;F;157.07;24.00;53.00;0;W;54;25.76;155.52;57.95;435
37,5;0;S;F;150.55;24.00;54.00;0;W;54;25.73;155.45;57.89;435
38;0;S;F;155.68;24.00;54.00;0;W;54;25.71;155.45;57.84;435
38,5;0;S;F;153.45;24.00;54.00;0;W;54;25.69;155.43;57.79;435
39;0;S;F;160.69;24.00;55.00;0;W;54;25.67;155.49;57.76;435
39,5;0;S;F;155.62;24.00;55.00;0;W;54;25.65;155.50;57.72;435
40;0;S;F;149.89;24.00;55.00;0;W;54;25.63;155.43;57.69;435
40,5;0;S;F;160.04;24.00;55.00;0;W;54;25.60;155.48;57.65;435
41;0;S;F;159.57;24.00;56.00;0;W;54;25.59;155.53;57.63;435
41,5;0;S;F;165.78;24.00;56.00;0;W;54;25.57;155.66;57.61;435
42;0;S;F;152.56;24.00;57.00;0;W;54;25.55;155.62;57.61;435
42,5;0;S;F;164.83;24.00;57.00;0;W;54;25.53;155.73;57.60;435
43;0;S;F;154.61;24.00;57.00;0;W;54;25.51;155.71;57.59;435
43,5;0;S;F;163.13;24.00;57.00;0;W;54;25.49;155.80;57.59;435
44;0;S;F;151.95;24.00;57.00;0;W;54;25.48;155.76;57.58;435
44,5;0;S;F;158.82;24.00;57.00;0;W;54;25.46;155.79;57.57;435
45;0;S;F;164.38;24.00;58.00;0;W;54;25.44;155.89;57.58;435
45,5;0;S;F;159.02;24.00;58.00;0;W;54;25.43;155.92;57.58;435
46;0;S;F;160.87;24.00;57.00;0;W;54;25.41;155.97;57.58;435
46,5;0;S;F;160.52;24.00;57.00;0;W;54;25.40;156.02;57.57;435
47;0;S;F;151.57;24.00;57.00;0;W;54;25.38;155.98;57.56;435
47,5;0;S;F;150.60;24.00;57.00;0;W;54;25.37;155.92;57.56;435
48;0;S;F;151.19;24.00;57.00;0;W;54;25.35;155.87;57.55;435
48,5;0;S;F;155.48;24.00;57.00;2;W;54;25.34;155.87;57.55;437
49;0;S;F;159.34;24.00;56.00;13;W;54;25.33;155.90;57.53;450
49,5;0;S;F;173.41;21.00;62.00;0;W;54;25.28;156.08;57.58;450
50;0;S;F;166.99;20.00;62.00;6;W;54;25.23;156.19;57.62;456
50,5;2;S;F;169.63;20.00;62.00;8;W;56;25.18;156.32;57.66;464
51;14;S;F;175.14;20.00;62.00;0;W;70;25.13;156.50;57.71;464
51,5;0;S;F;164.09;20.00;61.00;0;W;70;25.08;156.58;57.74;464
52;0;S;F;175.68;21.00;59.00;3;W;70;25.04;156.76;57.75;467
52,5;2;S;F;161.42;21.00;59.00;1;W;72;25.00;156.81;57.76;468
53;15;S;F;162.53;21.00;57.00;7;W;87;24.96;156.86;57.75;475
53,5;14;S;F;175.26;21.00;55.00;4;W;101;24.93;157.03;57.73;479
54;5;S;F;174.44;21.00;55.00;5;W;106;24.89;157.19;57.70;484
54,5;3;S;F;175.48;21.00;54.00;0;W;109;24.85;157.36;57.67;484
55;1;S;F;169.94;21.00;54.00;0;W;110;24.82;157.48;57.64;484
55,5;0;S;F;160.61;21.00;54.00;0;W;110;24.78;157.50;57.60;484
56;3;S;F;167.71;22.00;49.00;8;W;113;24.76;157.59;57.53;492
56,5;1;S;F;158.69;22.00;47.00;0;W;114;24.73;157.60;57.43;492
57;0;S;F;165.52;22.00;47.00;0;W;114;24.71;157.67;57.34;492
57,5;0;S;F;149.58;23.00;42.00;0;W;114;24.70;157.60;57.21;492
58;0;S;F;162.64;25.00;41.00;0;W;114;24.70;157.65;57.07;492
58,5;0;S;F;155.93;26.00;41.00;0;W;114;24.71;157.63;56.93;492
59;0;S;F;157.95;25.00;37.00;0;W;114;24.71;157.63;56.76;492
59,5;0;S;F;142.78;30.00;27.00;0;W;114;24.76;157.51;56.51;492
60;0;S;F;150.66;29.00;26.00;0;W;114;24.79;157.45;56.26;492
60,5;0;S;F;160.39;24.00;40.00;0;W;114;24.79;157.48;56.12;492
61;0;S;F;154.89;23.00;42.00;0;W;114;24.77;157.46;56.01;492
61,5;0;S;F;165.27;23.00;45.00;0;W;114;24.76;157.52;55.92;492
62;0;S;F;172.36;22.00;49.00;0;W;114;24.73;157.64;55.86;492
62,5;0;S;F;156.08;22.00;46.00;0;W;114;24.71;157.63;55.78;492
63;0;S;F;160.69;21.00;46.00;0;W;114;24.68;157.65;55.71;492
63,5;0;S;F;173.45;21.00;47.00;0;W;114;24.65;157.78;55.64;492
64;0;S;F;170.54;21.00;48.00;0;W;114;24.63;157.88;55.58;492
64,5;0;S;F;169.51;21.00;48.00;0;W;114;24.60;157.97;55.52;492
65;0;S;F;173.37;21.00;49.00;0;W;114;24.57;158.08;55.47;492
65,5;0;S;F;157.20;21.00;48.00;0;W;114;24.54;158.08;55.41;492
66;0;S;F;158.36;21.00;49.00;0;W;114;24.52;158.08;55.36;492
66,5;0;S;F;159.29;21.00;50.00;0;W;114;24.49;158.09;55.32;492
67;0;S;F;173.58;21.00;50.00;0;W;114;24.46;158.20;55.28;492
67,5;0;S;F;161.85;20.00;50.00;0;W;114;24.43;158.23;55.24;492
68;0;S;F;159.48;20.00;52.00;0;W;114;24.40;158.24;55.22;492
68,5;0;S;F;155.58;20.00;53.00;0;W;114;24.36;158.22;55.20;492
69;0;S;F;169.16;20.00;54.00;0;W;114;24.33;158.30;55.20;492
69,5;0;S;F;159.89;20.00;55.00;0;W;114;24.30;158.31;55.19;492
70;0;S;F;158.57;20.00;54.00;0;W;114;24.27;158.31;55.19;492
70,5;0;S;F;174.30;21.00;53.00;0;W;114;24.25;158.43;55.17;492
71;0;S;F;164.64;20.00;47.00;0;W;114;24.22;158.47;55.11;492
71,5;0;S;F;158.15;21.00;45.00;0;W;114;24.20;158.47;55.04;492
72;0;S;F;158.37;21.00;44.00;0;W;114;24.17;158.47;54.97;492
72,5;0;S;F;161.01;24.00;47.00;0;W;114;24.17;158.49;54.91;492
73;0;S;F;161.05;23.00;45.00;0;W;114;24.16;158.50;54.84;492
73,5;0;S;F;167.77;23.00;45.00;0;W;114;24.16;158.57;54.78;492
74;0;S;F;166.31;23.00;44.00;2;W;114;24.15;158.62;54.70;494
74,5;0;S;F;149.63;23.00;45.00;2;W;114;24.14;158.56;54.64;496
75;0;S;F;164.66;24.00;42.00;0;W;114;24.14;158.60;54.55;496
75,5;1;S;F;164.28;26.00;41.00;0;W;115;24.15;158.64;54.46;496
76;0;S;F;165.23;23.00;41.00;2;W;115;24.14;158.68;54.38;498
76,5;1;S;F;152.77;21.00;42.00;4;W;116;24.12;158.64;54.29;502
77;1;S;F;154.65;24.00;38.00;1;W;117;24.12;158.61;54.19;503
77,5;0;S;F;161.60;23.00;16.00;0;W;117;24.12;158.63;53.94;503
78;0;S;F;153.60;23.00;27.00;0;W;117;24.11;158.60;53.77;503
78,5;1;S;F;160.29;23.00;33.00;5;W;118;24.10;158.61;53.64;508
79;1;S;F;156.39;23.00;28.00;11;W;119;24.09;158.60;53.47;519
79,5;0;S;F;164.49;25.00;32.00;14;W;119;24.10;158.64;53.34;533
80;1;S;F;150.90;24.00;28.00;0;W;120;24.10;158.59;53.18;533
80,5;0;S;F;150.23;27.00;31.00;0;W;120;24.12;158.54;53.04;533
81;0;S;F;159.84;27.00;33.00;0;W;120;24.14;158.54;52.92;533
81,5;0;S;F;149.05;25.00;28.00;0;W;120;24.14;158.49;52.77;533
82;0;S;F;134.39;29.00;20.00;64;W;120;24.17;158.34;52.57;597
82,5;0;S;F;150.49;38.00;6.00;1;W;120;24.25;158.29;52.28;598
83;0;S;F;152.62;29.00;16.00;0;W;120;24.28;158.26;52.07;598
83,5;0;S;F;152.20;32.00;12.00;0;W;120;24.33;158.22;51.83;598
84;0;S;F;150.97;32.00;12.00;0;W;120;24.38;158.18;51.59;598
84,5;0;S;F;135.48;29.00;32.00;0;W;120;24.40;158.04;51.47;598
85;0;S;F;150.78;28.00;36.00;0;W;120;24.42;158.00;51.38;598
85,5;0;S;F;152.53;27.00;37.00;0;W;120;24.44;157.97;51.30;598
86;0;S;F;142.94;27.00;38.00;0;W;120;24.45;157.88;51.22;598
86,5;0;S;F;144.36;27.00;39.00;0;W;120;24.47;157.80;51.15;598
87;0;S;F;150.79;26.00;40.00;0;W;120;24.48;157.76;51.09;598
87,5;0;S;F;163.35;26.00;40.00;0;W;120;24.49;157.79;51.02;598
88;0;S;F;162.54;26.00;41.00;0;W;120;24.49;157.82;50.97;598
88,5;0;S;F;157.79;26.00;41.00;0;W;120;24.50;157.82;50.91;598
89;0;S;F;154.29;25.00;41.00;0;W;120;24.51;157.80;50.85;598
89,5;0;S;F;164.18;25.00;42.00;0;W;120;24.51;157.84;50.80;598
90;0;S;F;165.14;25.00;42.00;0;W;120;24.51;157.88;50.76;598
90,5;0;S;F;152.24;25.00;42.00;0;W;120;24.51;157.85;50.71;598
91;0;S;F;165.64;25.00;43.00;0;W;120;24.52;157.89;50.66;598
91,5;0;S;F;165.19;25.00;43.00;0;W;120;24.52;157.93;50.62;598
92;0;S;F;157.84;25.00;43.00;0;W;120;24.52;157.93;50.58;598
92,5;0;S;F;157.44;25.00;44.00;0;W;120;24.52;157.93;50.55;598
93;0;S;F;152.99;25.00;44.00;0;W;120;24.53;157.90;50.51;598
93,5;0;S;F;160.85;25.00;44.00;0;W;120;24.53;157.91;50.48;598
94;0;S;F;161.95;25.00;44.00;0;W;120;24.53;157.94;50.44;598
94,5;0;S;F;148.44;25.00;44.00;0;W;120;24.53;157.89;50.41;598
95;0;S;F;161.63;25.00;44.00;3;W;120;24.54;157.91;50.37;601
95,5;0;S;F;159.91;23.00;46.00;2;W;120;24.53;157.92;50.35;603
96;2;S;F;157.57;21.00;46.00;5;W;122;24.51;157.91;50.33;608
96,5;0;S;F;167.41;23.00;50.00;0;W;122;24.50;157.96;50.33;608
97;1;S;F;156.12;22.00;51.00;34;W;123;24.49;157.95;50.33;642
97,5;0;S;F;174.85;22.00;46.00;6;W;123;24.48;158.04;50.31;648
98;0;S;F;157.22;22.00;52.00;9;W;123;24.46;158.04;50.32;657
98,5;1;S;F;167.98;24.00;45.00;0;W;124;24.46;158.09;50.29;657
99;0;S;F;155.93;25.00;41.00;4;W;124;24.46;158.08;50.24;661
99,5;0;S;F;153.38;26.00;40.00;8;W;124;24.47;158.05;50.19;669
100;0;S;F;147.57;26.00;43.00;3;W;124;24.48;158.00;50.15;672
100,5;0;S;F;144.84;26.00;43.00;8;W;124;24.49;157.93;50.12;680
101;0;S;F;158.04;26.00;44.00;1;W;124;24.50;157.94;50.09;681
101,5;0;S;F;164.04;25.00;44.00;25;W;124;24.50;157.97;50.06;706
102;0;S;F;157.73;26.00;44.00;4;W;124;24.50;157.96;50.03;710
102,5;0;S;F;161.20;26.00;44.00;0;W;124;24.51;157.98;50.00;710
103;0;S;F;152.80;27.00;44.00;0;W;124;24.52;157.95;49.97;710